@relation CenHud_ElectricLoad_hr8
@attribute CDD75 NUMERIC
@attribute CDD65 NUMERIC
@attribute HDD65 NUMERIC
@attribute HDD55 NUMERIC
@attribute tempDiffW NUMERIC
@attribute pwTemp NUMERIC
@attribute preWeek NUMERIC
@attribute tempDiff NUMERIC
@attribute pdTemp NUMERIC
@attribute preDay NUMERIC
@attribute HR NUMERIC
@attribute WE NUMERIC
@attribute cos(DOW) NUMERIC
@attribute cos(DOY) NUMERIC
@attribute sin(DOW) NUMERIC
@attribute sin(DOY) NUMERIC
@attribute Temp NUMERIC
@attribute WindSp NUMERIC
@attribute WindDir NUMERIC
@attribute DewPt NUMERIC
@attribute CC NUMERIC
@attribute Precip NUMERIC
@attribute Flow NUMERIC
@data
 0.0000 0.0000 29.0000 39.0000 -5.0000 21.0000 635.0000 8.0000 34.0000 587.0000 0.0000 1.0000 0.6235 0.7830 0.7818 0.6220 26.0000 8.0000 -40.0000 11.0000 15.0000 0.0000 601.0000
 0.0000 0.0000 28.0000 38.0000 -11.0000 16.0000 617.0000 7.0000 34.0000 564.0000 1.0000 1.0000 0.6235 0.7830 0.7818 0.6220 27.0000 8.0000 -20.0000 12.0000 100.0000 0.0000 583.0000
 0.0000 0.0000 29.0000 39.0000 -11.0000 15.0000 609.0000 9.0000 35.0000 552.0000 2.0000 1.0000 0.6235 0.7830 0.7818 0.6220 26.0000 10.0000 -20.0000 9.0000 100.0000 0.0000 575.0000
 0.0000 0.0000 32.0000 42.0000 -13.0000 10.0000 602.0000 11.0000 34.0000 545.0000 3.0000 1.0000 0.6235 0.7830 0.7818 0.6220 23.0000 9.0000 -50.0000 7.0000 0.0000 0.0000 579.0000
 0.0000 0.0000 34.0000 44.0000 -14.0000 7.0000 613.0000 13.0000 34.0000 545.0000 4.0000 1.0000 0.6235 0.7830 0.7818 0.6220 21.0000 9.0000 -50.0000 4.0000 0.0000 0.0000 580.0000
 0.0000 0.0000 36.0000 46.0000 -13.0000 6.0000 619.0000 15.0000 34.0000 563.0000 5.0000 1.0000 0.6235 0.7830 0.7818 0.6220 19.0000 13.0000 -50.0000 1.0000 0.0000 0.0000 598.0000
 0.0000 0.0000 38.0000 48.0000 -13.0000 4.0000 650.0000 17.0000 34.0000 579.0000 6.0000 1.0000 0.6235 0.7830 0.7818 0.6220 17.0000 11.0000 -50.0000 0.0000 0.0000 0.0000 621.0000
 0.0000 0.0000 38.0000 48.0000 -15.0000 2.0000 672.0000 17.0000 34.0000 623.0000 7.0000 1.0000 0.6235 0.7830 0.7818 0.6220 17.0000 12.0000 -30.0000 -4.0000 0.0000 0.0000 640.0000
 0.0000 0.0000 39.0000 49.0000 -13.0000 3.0000 707.0000 18.0000 34.0000 663.0000 8.0000 1.0000 0.6235 0.7830 0.7818 0.6220 16.0000 11.0000 -40.0000 -5.0000 0.0000 0.0000 691.0000
 0.0000 0.0000 38.0000 48.0000 -9.0000 8.0000 732.0000 18.0000 35.0000 698.0000 9.0000 1.0000 0.6235 0.7830 0.7818 0.6220 17.0000 13.0000 -70.0000 -2.0000 0.0000 0.0000 711.0000
 0.0000 0.0000 36.0000 46.0000 -1.0000 18.0000 742.0000 17.0000 36.0000 704.0000 10.0000 1.0000 0.6235 0.7830 0.7818 0.6220 19.0000 11.0000 -60.0000 -3.0000 0.0000 0.0000 723.0000
 0.0000 0.0000 34.0000 44.0000 4.0000 25.0000 737.0000 18.0000 39.0000 694.0000 11.0000 1.0000 0.6235 0.7830 0.7818 0.6220 21.0000 9.0000 -50.0000 -1.0000 0.0000 0.0000 726.0000
 0.0000 0.0000 31.0000 41.0000 5.0000 29.0000 723.0000 17.0000 41.0000 694.0000 12.0000 1.0000 0.6235 0.7830 0.7818 0.6220 24.0000 7.0000 -60.0000 1.0000 0.0000 0.0000 722.0000
 0.0000 0.0000 28.0000 38.0000 3.0000 30.0000 710.0000 14.0000 41.0000 686.0000 13.0000 1.0000 0.6235 0.7830 0.7818 0.6220 27.0000 11.0000 -70.0000 3.0000 0.0000 0.0000 706.0000
 0.0000 0.0000 26.0000 36.0000 3.0000 32.0000 708.0000 11.0000 40.0000 670.0000 14.0000 1.0000 0.6235 0.7830 0.7818 0.6220 29.0000 12.0000 -60.0000 3.0000 0.0000 0.0000 696.0000
 0.0000 0.0000 26.0000 36.0000 3.0000 32.0000 702.0000 11.0000 40.0000 676.0000 15.0000 1.0000 0.6235 0.7830 0.7818 0.6220 29.0000 11.0000 -80.0000 4.0000 0.0000 0.0000 689.0000
 0.0000 0.0000 26.0000 36.0000 3.0000 32.0000 723.0000 10.0000 39.0000 692.0000 16.0000 1.0000 0.6235 0.7830 0.7818 0.6220 29.0000 12.0000 -40.0000 4.0000 0.0000 0.0000 708.0000
 0.0000 0.0000 26.0000 36.0000 1.0000 30.0000 789.0000 8.0000 37.0000 743.0000 17.0000 1.0000 0.6235 0.7830 0.7818 0.6220 29.0000 12.0000 -90.0000 4.0000 0.0000 0.0000 778.0000
 0.0000 0.0000 27.0000 37.0000 0.0000 28.0000 809.0000 7.0000 35.0000 776.0000 18.0000 1.0000 0.6235 0.7830 0.7818 0.6220 28.0000 8.0000 -90.0000 4.0000 0.0000 0.0000 814.0000
 0.0000 0.0000 28.0000 38.0000 -2.0000 25.0000 785.0000 6.0000 33.0000 762.0000 19.0000 1.0000 0.6235 0.7830 0.7818 0.6220 27.0000 8.0000 -90.0000 6.0000 0.0000 0.0000 803.0000
 0.0000 0.0000 29.0000 39.0000 -2.0000 24.0000 763.0000 5.0000 31.0000 742.0000 20.0000 1.0000 0.6235 0.7830 0.7818 0.6220 26.0000 8.0000 -100.0000 7.0000 0.0000 0.0000 780.0000
 0.0000 0.0000 29.0000 39.0000 -3.0000 23.0000 738.0000 2.0000 28.0000 722.0000 21.0000 1.0000 0.6235 0.7830 0.7818 0.6220 26.0000 6.0000 -110.0000 7.0000 0.0000 0.0000 738.0000
 0.0000 0.0000 29.0000 39.0000 -11.0000 15.0000 709.0000 1.0000 27.0000 677.0000 22.0000 1.0000 0.6235 0.7830 0.7818 0.6220 26.0000 10.0000 -110.0000 7.0000 0.0000 0.0000 687.0000
 0.0000 0.0000 29.0000 39.0000 -14.0000 12.0000 657.0000 1.0000 27.0000 635.0000 23.0000 1.0000 0.6235 0.7830 0.7818 0.6220 26.0000 12.0000 -110.0000 9.0000 0.0000 0.0000 640.0000
 0.0000 0.0000 30.0000 40.0000 -12.0000 13.0000 617.0000 1.0000 26.0000 601.0000 0.0000 0.0000 -0.2225 0.7722 0.9749 0.6354 25.0000 8.0000 -120.0000 9.0000 0.0000 0.0000 608.0000
 0.0000 0.0000 30.0000 40.0000 -15.0000 10.0000 606.0000 2.0000 27.0000 583.0000 1.0000 0.0000 -0.2225 0.7722 0.9749 0.6354 25.0000 9.0000 -120.0000 9.0000 0.0000 0.0000 587.0000
 0.0000 0.0000 30.0000 40.0000 -15.0000 10.0000 599.0000 1.0000 26.0000 575.0000 2.0000 0.0000 -0.2225 0.7722 0.9749 0.6354 25.0000 10.0000 -110.0000 9.0000 0.0000 0.0000 585.0000
 0.0000 0.0000 30.0000 40.0000 -17.0000 8.0000 604.0000 -2.0000 23.0000 579.0000 3.0000 0.0000 -0.2225 0.7722 0.9749 0.6354 25.0000 6.0000 -120.0000 9.0000 0.0000 0.0000 582.0000
 0.0000 0.0000 31.0000 41.0000 -18.0000 6.0000 616.0000 -3.0000 21.0000 580.0000 4.0000 0.0000 -0.2225 0.7722 0.9749 0.6354 24.0000 5.0000 -130.0000 9.0000 0.0000 0.0000 589.0000
 0.0000 0.0000 34.0000 44.0000 -15.0000 6.0000 656.0000 -2.0000 19.0000 598.0000 5.0000 0.0000 -0.2225 0.7722 0.9749 0.6354 21.0000 3.0000 -170.0000 9.0000 0.0000 0.0000 636.0000
 0.0000 0.0000 32.0000 42.0000 -19.0000 4.0000 739.0000 -6.0000 17.0000 621.0000 6.0000 0.0000 -0.2225 0.7722 0.9749 0.6354 23.0000 3.0000 -170.0000 8.0000 0.0000 0.0000 714.0000
 0.0000 0.0000 39.0000 49.0000 -13.0000 3.0000 774.0000 1.0000 17.0000 640.0000 7.0000 0.0000 -0.2225 0.7722 0.9749 0.6354 16.0000 3.0000 130.0000 9.0000 30.0000 0.0000 760.0000
